%YAML:1.0
---
R: !!opencv-matrix
   rows: 3
   cols: 3
   dt: d
   data: [ 1., 5.6841770064523992e-15, -2.3873880995258681e-13,
       -5.6841770064523992e-15, 1., -4.9054219538285342e-13,
       2.3873880995258681e-13, 4.9054219538285342e-13, 1. ]
T: !!opencv-matrix
   rows: 3
   cols: 1
   dt: d
   data: [ 3.1037838308993711e-12, -6.7215895378201552e-12,
       7.4364672907780572e-11 ]
E: !!opencv-matrix
   rows: 3
   cols: 3
   dt: d
   data: [ -1.1820023234141818e-24, -7.4364672907783868e-11,
       -6.7215895377836761e-12, 7.4364672907779836e-11,
       -1.0998349705684205e-24, -3.1037838309171247e-12,
       6.7215895378201375e-12, 3.1037838308994094e-12,
       -3.1272412216521221e-24 ]
F: !!opencv-matrix
   rows: 3
   cols: 3
   dt: d
   data: [ -8.9419539621440212e-08, -5.6262893928083386e+06,
       1.6419039391326840e+09, 5.6262893928080322e+06,
       -8.3219329902203751e-08, -3.8127196485008850e+09,
       -1.6419039391337790e+09, 3.8127196485003729e+09, 1. ]
R1: !!opencv-matrix
   rows: 3
   cols: 3
   dt: d
   data: [ -9.0788167728853864e-01, -4.1922650207703932e-01, 0.,
       -4.1532021768482842e-02, 8.9942218341495059e-02,
       -9.9508064423323661e-01, 4.1716417776646658e-01,
       -9.0341548432383034e-01, -9.9068216257116995e-02 ]
R2: !!opencv-matrix
   rows: 3
   cols: 3
   dt: d
   data: [ -9.0788167728853864e-01, -4.1922650207703932e-01, 0.,
       -4.1532021768482842e-02, 8.9942218341495059e-02,
       -9.9508064423323661e-01, 4.1716417776646658e-01,
       -9.0341548432383034e-01, -9.9068216257116995e-02 ]
P1: !!opencv-matrix
   rows: 3
   cols: 4
   dt: d
   data: [ 6.1511984864041540e+02, 0., -1.8283810385131836e+05, 0., 0.,
       6.1511984864041540e+02, 1.0374825580596924e+05, 0., 0., 0., 1.,
       0. ]
P2: !!opencv-matrix
   rows: 3
   cols: 4
   dt: d
   data: [ 6.1511984864041540e+02, 0., -1.8283810385131836e+05, 0., 0.,
       6.1511984864041540e+02, 1.0374825580596924e+05,
       -4.5969325811251801e-08, 0., 0., 1., 0. ]
Q: !!opencv-matrix
   rows: 4
   cols: 4
   dt: d
   data: [ 1., 0., 0., 1.8283810385131836e+05, 0., 1., 0.,
       -1.0374825580596924e+05, 0., 0., 0., 6.1511984864041540e+02, 0.,
       0., 1.3381093539767643e+10, 0. ]
